170
23
60
270
211
84
98
309
344
2120
472
48
254
195
40
182
23
1860
52
117
230
147
19
413
346
403
89
74
139
204
326
476
29
31
736
169
233
394
100
725
167
379
71
97
130
38
160
286
132
288
89
108
110
187
67
305
126
77
83
98
561
528
119
73
77
265
884
352
141
98
40
197
485
97
318
31
266
587
62
676
145
314
69
446
86
24
185
368
33
18
197
20
41
363
160
120
72
101
114
255
242
243
1299
20
200
95
135
51
12
350
165
144
176
112
280
335
231
29
228
113
54
489
39
62
90
301
955
190
201
123
84
101
179
46
217
79
720
141
133
119
146
930
129
44
758
129
138
244
262
129
121
83
108
393
129
32
26
238
387
100
68
77
53
31
88
150
33
1440
48
323
493
122
185
132
114
1202
234
272
313
71
254
22
106
14
98
110
584
51
80
162
1730
63
95
32
69
643
81
133
43
62
37
986
33
130
183
1022
62
315
99
143
111
163
223
145
520
71
270
478
685
374
177
514
636
28
47
92
188
204
48
299
263
69
48
97
449
429
538
200
131
175
300
221
44
16
133
492
232
325
79
21
166
87
182
111
92
149
347
481
212
314
104
57
519
314
44
43
58
206
186
88
62
333
193
248
90
222
36
65
375
65
249
338
114
355
237
89
1041
145
98
18
100
200
170
430
90
143
263
355
137
114
231
153
203
656
751
117
236
59
176
89
181
133
108
537
61
185
105
53
223
61
244
57
44
482
173
980
355
298
158
707
72
49
426
14
75
370
301
592
167
474
30
943
90
123
711
83
576
60
62
930
80
165
260
22
135
638
66
434
143
498
61
280
124
44
844
662
89
131
17
131
394
545
43
22
1605
62
108
94
83
52
158
1310
294
1389
242
76
132
436
90
106
46
65
26
101
109
866
300
38
836
538
127
128
447
380
79
139
92
65
83
85
180
39
476
851
141
208
283
101
189
104
204
756
287
250
329
147
161
739
39
655
496
207
174
108
241
263
97
192
366
71
29
858
162
140
1271
269
65
571
208
280
288
68
164
367
63
59
105
493
172
517
11
167
105
104
34
163
325
37
1711
420
221
211
50
235
606
304
103
185
55
1822
1038
187
132
138
48
170
142
204
40
298
89
712
478
100
87
52
491
69
23
144
164
79
783
25
168
260
87
220
350
147
160
68
88
594
380
262
258
102
213
32
125
322
94
103
60
614
119
368
19
308
381
737
124
915
231
49
151
270
40
60
150
1391
14
75
21
48
104
12
313
208
71
877
66
31
189
315
161
103
527
349
425
272
501
284
81
218
217
32
143
128
23
92
38
197
34
142
45
213
72
211
98
36
486
127
290
116
28
45
46
30
11
561
225
102
362
185
440
687
72
230
154
265
167
2
82
411
63
144
51
238
244
245
255
436
202
437
676
244
78
228
113
124
573
179
199
232
35
322
152
150
281
82
73
372
42
287
54
70
629
59
655
66
1396
235
62
107
66
591
215
71
12
66
445
332
96
883
410
48
83
1533
114
60
177
90
361
196
42
52
31
167
523
1212
203
48
98
37
161
83
19
59
40
342
92
93
347
293
56
270
470
27
72
52
40
194
102
201
216
102
27
43
87
139
86
137
38
225
504
167
262
151
36
61
34
322
719
111
195
405
249
349
111
78
177
56
141
42
105
467
46
480
25
59
1291
82
565
158
78
519
103
246
124
60
35
146
26
555
57
192
230
221
156
167
172
25
331
193
245
118
353
332
127
59
38
38
236
95
269
80
290
165
163
85
95
69
18
284
259
42
62
310
246
269
78
173
184
115
172
94
524
403
121
38
93
183
408
27
397
40
159
315
275
49
1497
148
272
1092
107
77
57
26
275
250
516
324
204
338
135
356
532
45
146
119
465
60
230
263
84
220
347
110
88
23
319
70
131
135
105
48
71
138
158
312
205
202
60
293
27
28
206
67
496
148
543
154
329
81
277
315
50
54
51
350
29
90
203
206
140
57
118
387
38
839
961
86
111
43
264
143
117
88
23
1075
9
189
15
164
647
407
656
962
158
90
111
229
98
1053
483
44
363
252
155
277
180
86
133
205
243
348
308
67
71
188
116
220
385
663
175
253
1018
54
104
126
362
100
83
693
34
241
150
24
54
117
393
137
80
200
74
269
42
2213
31
341
67
77
97
325
523
236
80
370
57
81
442
88
468
143
314
153
35
76
152
54
95
34
45
27
244
212
38
26
92
151
50
35
94
63
40
17
30
236
113
215
225
456
49
232
94
72
34
91
291
459
99
1171
71
228
374
401
559
93
102
397
37
120
91
153
119
20
1281
34
214
154
269
91
105
435
442
377
286
150
33
70
188
50
170
275
467
418
362
257
267
144
254
162
122
827
164
49
425
112
224
25
113
433
149
139
505
728
71
226
160
37
388
113
128
723
250
92
30
114
210
214
23
203
76
52
121
43
122
291
249
45
299
125
122
79
139
288
175
8
117
567
444
176
158
43
469
69
256
235
135
108
42
42
853
33
50
257
168
133
670
278
58
353
412
817
174
80
106
331
845
442
15
168
57
81
61
454
137
354
177
194
112
65
126
66
67
334
180
177
97
54
308
216
286
314
94
174
106
128
48
215
357
28
117
253
72
115
72
253
430
84
102
20
77
28
382
823
327
187
34
78
337
72
71
132
2184
143
131
95
88
154
143
499
814
143
112
93
799
33
1302
48
155
215
545
121
308
59
54
34
123
34
62
291
212
287
581
128
58
191
42
13
114
104
99
76
231
413
112
374
129
84
66
187
449
195
670
90
118
288
278
90
231
168
97
103
436
162
94
218
40
101
76
93
691
90
1914
158
171
35
140
265
136
96
288
951
206
85
187
234
472
722
659
105
460
119
293
117
29
468
2016
152
119
48
133
43
56
70
1206
286
77
186
483
562
161
176
115
601
223
282
459
67
471
273
694
82
195
147
411
111
275
225
146
346
60
224
209
139
165
175
11
94
50
199
125
280
117
48
81
476
1376
279
92
156
98
122
140
346
76
15
48
69
50
74
133
183
20
161
196
86
97
119
706
31
205
164
23
126
87
328
329
368
48
122
43
83
219
547
107
126
96
68
798
234
58
132
210
14
287
24
123
248
185
193
281
27
113
30
199
148
80
120
40
250
72
199
48
23
427
296
27
105
163
33
142
247
112
211
118
202
195
222
314
987
1092
127
291
861
30
280
641
197
209
79
286
202
95
61
91
69
176
502
191
203
94
136
35
56
106
110
302
149
88
561
33
90
302
192
2456
302
61
107
205
153
49
213
61
145
103
185
155
800
46
305
186
209
47
98
210
286
50
85
76
66
188
104
293
1436
65
132
936
65
198
258
96
20
148
475
611
118
317
142
20
31
121
388
628
151
112
198
137
179
53
39
306
267
833
120
163
145
42
316
912
231
226
62
130
176
52
226
36
130
50
35
52
115
153
106
209
32
105
303
112
379
54
18
48
1004
57
84
70
3366
329
122
90
181
126
73
157
214
204
1041
10
377
158
153
194
541
204
44
504
16
86
754
401
360
23
117
545
107
33
100
62
67
199
140
163
163
159
242
113
121
1226
334
247
446
136
221
54
80
56
39
110
235
101
25
168
88
38
69
13
595
234
61
27
63
115
646
154
195
120
46
322
13
155
1696
72
352
361
61
60
93
654
27
129
50
834
112
49
32
203
54
591
31
96
526
35
171
15
37
170
26
334
197
250
122
58
204
85
64
62
85
40
77
44
403
186
46
156
71
59
471
83
200
322
165
190
137
36
146
754
45
337
301
659
77
1098
68
26
271
311
168
88
185
58
213
30
231
68
270
196
197
309
79
424
472
97
80
283
503
85
529
640
368
87
210
138
136
184
632
103
284
71
196
105
968
244
140
126
65
46
176
101
126
1095
274
57
16
105
90
192
866
82
116
36
129
93
1042
1491
55
80
319
120
139
2288
416
164
75
836
223
63
618
100
54
111
150
188
728
458
366
292
65
39
81
376
142
81
70
182
16
111
72
239
173
54
89
298
421
12
28
31
481
186
833
122
963
22
36
103
88
41
222
244
317
189
68
126
326
729
40
42
1724
708
619
120
184
96
35
146
41
839
76
1259
12
97
1078
477
806
258
62
39
135
589
204
297
411
34
129
568
8
289
59
53
1184
147
360
151
262
135
101
120
47
248
622
929
63
242
539
408
61
34
498
73
1192
230
36
231
371
141
138
172
242
583
375
340
296
339
176
216
29
57
503
130
512
859
310
80
123
96
529
40
46
398
138
952
2901
98
92
90
50
28
214
189
67
215
309
226
363
338
42
76
62
64
28
142
206
585
223
360
31
53
110
10
242
130
130
1104
164
181
210
564
243
499
219
61
35
36
867
86
36
73
381
350
462
499
68
97
183
145
181
105
16
209
436
1515
489
131
1092
95
134
1286
386
279
267
199
99
129
314
124
177
53
394
170
66
1258
205
337
392
321
77
27
157
627
66
500
364
27
254
15
340
41
740
87
248
235
32
130
79
89
141
162
230
368
145
60
32
120
147
1308
113
318
250
666
36
1150
372
96
573
250
133
195
264
183
148
174
47
314
462
64
44
103
83
22
143
48
103
298
25
334
56
75
67
210
136
218
192
216
109
114
32
45
333
766
97
97
168
69
78
167
264
425
539
118
1165
70
700
354
105
83
318
198
51
121
415
153
310
117
107
77
252
973
634
39
78
283
71
108
35
172
1271
178
447
215
421
130
66
240
162
93
149
152
69
1105
147
52
58
490
392
148
65
326
234
92
114
148
117
52
1032
204
170
296
43
111
174
40
127
279
155
66
507
69
216
1115
130
62
67
1520
156
1352
178
54
31
298
442
129
293
98
236
361
207
202
332
114
238
140
184
24
98
50
205
105
398
254
61
195
123
146
27
23
93
362
41
177
39
358
255
167
360
170
21
157
362
65
537
170
146
52
1001
206
792
25
403
234
255
1109
521
71
418
563
44
93
14
91
243
27
447
608
6
198
249
42
37
404
581
193
358
148
485
80
373
119
486
366
415
65
43
845
137
341
101
443
93
1459
54
1055
224
21
155
504
27
376
602
57
142
321
77
305
256
77
86
22
33
27
96
222
118
48
44
366
293
709
214
191
190
870
261
43
1614
227
85
136
361
190
135
40
205
63
131
114
197
27
340
217
39
637
281
57
44
205
489
101
236
966
106
82
22
204
350
201
24
341
219
38
207
58
44
227
92
317
147
88
358
438
208
337
121
97
189
669
299
145
383
382
614
135
49
447
304
174
285
99
185
581
27
115
299
82
719
112
19
34
116
407
428
471
115
112
292
60
61
174
133
71
81
358
197
131
25
27
157
125
37
25
106
122
38
26
91
154
140
33
416
68
426
230
63
481
45
233
253
29
466
2219
297
134
1242
200
87
282
28
165
361
36
203
75
86
123
24
41
265
114
255
455
64
35
526
47
80
3018
616
36
39
333
40
125
125
749
203
180
202
71
237
237
162
108
77
68
447
366
84
51
288
211
102
387
125
3557
512
539
352
51
24
122
59
28
29
901
46
256
297
117
504
27
62
45
358
1494
35
50
276
115
167
64
85
167
307
57
78
188
29
154
110
117
393
113
510
337
293
86
136
111
91
239
16
95
1089
55
57
318
104
84
94
242
77
239
57
72
306
306
56
33
76
164
239
20
64
103
843
390
53
479
63
54
142
29
756
283
2213
110
59
458
76
228
187
171
327
113
57
218
68
113
32
70
280
8
533
966
83
118
416
497
205
15
132
294
1860
297
1758
178
52
155
97
252
201
100
101
258
158
28
514
360
192
93
125
80
65
75
328
36
244
123
40
106
82
105
98
306
354
494
475
28
494
148
71
136
349
155
3561
31
194
488
79
85
213
286
84
522
138
60
87
195
610
214
103
431
268
51
208
41
320
66
45
76
84
441
472
185
172
459
60
210
288
100
231
123
71
581
43
437
43
255
403
16
73
318
155
200
219
186
20
92
163
113
336
78
132
161
59
181
76
404
313
59
140
38
265
650
114
121
44
416
66
120
263
203
108
42
194
273
58
39
267
38
1773
32
63
324
118
680
57
668
395
11
104
146
167
231
106
99
47
182
57
243
270
40
62
597
66
105
54
314
71
51
225
1016
59
1055
186
667
344
167
563
133
1275
282
168
91
108
70
120
187
233
177
265
53
77
19
239
203
48
71
118
164
37
225
174
112
24
156
148
96
408
35
25
41
154
107
133
846
221
292
120
152
239
105
183
233
83
95
30
123
30
322
415
416
111
44
217
200
553
58
176
154
1508
62
1054
40
255
50
28
1020
278
221
282
73
81
74
339
103
140
352
53
31
46
129
121
134
209
199
405
122
335
18
194
105
266
291
1710
228
182
297
187
32
93
50
350
321
130
72
506
204
1214
39
131
581
71
1119
177
271
74
201
95
207
66
44
301
26
100
561
464
21
153
228
116
119
68
437
144
141
77
85
377
62
188
94
43
112
176
199
34
33
36
87
146
259
190
33
311
666
424
387
234
92
111
89
192
330
861
160
175
598
678
115
13
189
22
20
144
92
199
109
40
186
514
820
55
235
31
53
225
489
297
136
52
283
546
39
156
21
146
51
220
35
366
285
81
68
85
228
706
646
23
32
365
167
268
91
7
47
176
252
59
513
271
61
386
237
295
145
19
35
99
44
20
118
69
247
38
22
248
603
174
198
801
351
21
54
41
225
51
1097
200
71
341
43
59
473
452
118
614
95
62
20
324
359
301
335
80
38
92
136
156
151
31
119
245
282
248
73
55
128
82
74
1086
699
56
329
270
645
201
193
35
956
45
279
96
479
10
111
43
139
286
103
45
817
131
46
67
860
168
38
1347
3005
211
326
436
80
47
41
227
101
18
80
149
113
178
214
124
48
119
115
46
32
39
115
30
425
3233
119
47
392
200
25
208
113
138
404
105
360
395
134
194
206
121
536
224
69
378
82
327
812
151
969
371
85
94
88
25
164
546
740
156
418
96
147
229
114
52
76
400
62
64
145
105
304
86
535
317
78
1749
109
74
172
199
32
57
74
307
457
224
466
181
55
37
93
35
135
250
251
571
631
272
250
172
411
162
58
229
182
16
32
190
114
392
225
80
344
46
162
173
613
126
341
291
431
231
998
269
333
222
21
6
62
358
56
45
1361
241
237
268
92
281
41
440
79
60
41
504
112
262
1281
846
53
4172
54
623
2029
304
297
145
257
214
45
303
164
282
486
2085
47
101
832
851
454
62
97
91
296
115
542
69
126
162
603
99
65
69
144
147
234
405
294
56
78
188
138
148
282
45
88
40
662
64
53
414
80
28
1081
84
179
260
57
149
79
497
164
285
93
886
86
57
501
294
385
47
96
98
175
129
175
592
285
194
464
97
103
616
48
183
120
87
122
169
84
62
147
52
84
173
162
478
45
90
69
25
2133
295
33
168
86
83
151
323
249
395
154
263
52
5498
436
62
169
178
44
195
263
69
344
45
66
126
581
43
369
547
103
235
35
523
72
153
531
139
28
41
118
54
57
120
53
692
72
643
143
238
119
11
569
77
151
37
307
94
17
40
142
49
221
73
366
189
84
89
111
55
51
64
94
152
29
124
51
120
296
112
145
89
196
737
385
181
233
108
74
31
82
275
85
88
33
87
248
109
513
1129
42
99
121
267
219
726
152
437
148
87
281
46
68
35
128
144
191
43
293
205
152
179
84
50
96
106
421
97
1092
196
82
237
277
1038
275
56
252
126
281
39
329
22
38
487
360
186
92
305
843
152
64
324
163
59
34
456
563
64
56
46
65
114
252
1068
43
69
62
95
404
119
284
232
405
159
18
122
38
90
15
269
57
889
61
40
148
94
65
172
144
236
619
156
303
180
67
278
137
156
10
143
65
303
119
713
170
140
159
145
413
100
442
21
158
32
91
39
2245
298
502
31
406
188
50
290
21
204
104
190
132
172
41
98
53
106
114
136
4712
7
232
316
373
271
161
137
136
81
58
249
578
634
82
101
379
186
612
56
672
77
56
51
36
99
449
75
1684
56
414
301
54
218
80
36
356
155
287
123
111
154
136
286
625
25
2007
392
2283
15
532
242
4
23
321
136
74
241
44
207
256
763
60
76
153
99
417
54
800
117
366
161
61
196
131
459
102
168
152
74
356
164
52
7
141
463
33
15
76
577
1327
89
193
53
260
67
393
279
434
78
57
86
137
95
182
41
76
89
28
275
53
51
568
247
75
110
67
5
13
166
33
120
705
378
154
93
143
8957
77
135
42
232
110
576
67
261
81
212
23
23
386
436
31
72
148
270
66
137
60
125
72
98
554
193
36
564
196
190
127
225
107
80
122
139
106
39
657
266
276
145
226
110
191
67
103
90
178
198
360
228
528
74
35
78
75
183
124
91
89
157
461
34
442
445
603
131
210
144
206
89
39
616
230
122
45
298
390
118
164
337
3407
607
92
378
303
25
170
172
154
208
77
67
311
595
746
106
136
455
381
498
80
112
204
82
20
170
295
180
174
275
480
68
50
379
117
100
54
766
53
53
46
178
353
66
655
434
84
329
339
181
1076
19
86
581
74
15
162
313
109
271
106
125
159
152
98
146
379
268
2032
145
164
84
71
33
543
98
50
43
446
121
22
335
204
94
271
205
578
173
143
250
195
46
751
25
23
1010
175
239
95
312
96
131
243
47
29
58
315
353
93
289
65
98
911
139
60
39
139
177
282
121
242
398
13
129
62
107
653
36
99
94
278
40
477
45
261
235
880
142
55
42
133
44
417
390
154
67
99
21
250
345
36
38
11
320
210
263
46
94
36
283
241
81
777
902
60
21
100
302
172
262
168
52
86
59
105
352
1092
55
116
137
140
517
220
42
289
103
453
66
383
349
322
120
82
185
64
1158
57
1073
67
316
347
88
213
187
103
275
416
558
149
107
110
153
503
826
131
61
175
20
330
163
107
23
835
88
255
54
27
134
38
376
26
42
205
79
102
171
112
253
74
150
27
174
54
118
205
125
13
62
726
141
70
59
101
619
316
53
45
577
61
47
70
536
48
94
133
148
140
188
82
48
36
34
437
287
65
107
95
116
190
143
468
48
78
52
20
1005
326
69
174
28
232
588
50
245
215
99
231
26
1543
227
319
291
276
219
332
90
100
85
160
267
58
223
84
45
173
438
303
301
49
238
58
184
51
94
195
269
235
87
254
509
171
563
38
96
261
100
62
293
544
334
24
44
159
281
254
198
99
376
336
365
85
135
47
346
248
254
40
573
64
572
134
448
415
41
122
299
83
107
176
324
16
406
156
135
58
84
504
64
195
258
166
79
217
636
49
56
27
356
221
151
62
55
181
36
29
370
366
72
355
65
133
82
589
48
130
244
